1 1 1 1 1 1 1 1 1 1 1 1 1 1 1 1 1 1 1 1 1 
1.04998 1.02752 1.01167 1.0039 1.00141 1.00106 1.00127 1.00161 1.00201 1.00247 1.00297 1.00353 1.00413 1.00479 1.00551 1.00633 1.00759 1.0104 1.01687 1.02875 1.04498 
1.09983 1.05498 1.02327 1.00768 1.00259 1.00176 1.00202 1.00251 1.00308 1.00372 1.00444 1.00522 1.00609 1.00702 1.00803 1.00922 1.0112 1.01607 1.0278 1.04976 1.0799 
1.14944 1.08233 1.03483 1.01141 1.0037 1.00231 1.00254 1.00307 1.00369 1.0044 1.00518 1.00604 1.00697 1.00798 1.00907 1.01038 1.01273 1.01899 1.03458 1.0641 1.10477 
1.19867 1.1095 1.04635 1.01516 1.00481 1.00285 1.00301 1.00354 1.00417 1.00488 1.00566 1.00652 1.00746 1.00846 1.00954 1.01085 1.01336 1.02039 1.03831 1.07252 1.11973 
1.2474 1.13645 1.0578 1.01891 1.00596 1.00342 1.0035 1.00402 1.00465 1.00534 1.00611 1.00695 1.00785 1.00881 1.00985 1.0111 1.01361 1.02086 1.03957 1.07547 1.12499 
1.29552 1.16309 1.06917 1.02269 1.00715 1.00404 1.00404 1.00455 1.00516 1.00583 1.00657 1.00738 1.00824 1.00915 1.01012 1.01129 1.01365 1.0206 1.03869 1.07324 1.12086 
1.3429 1.18938 1.08043 1.02647 1.00839 1.00471 1.00464 1.00512 1.00571 1.00636 1.00707 1.00783 1.00864 1.00948 1.01037 1.01143 1.01353 1.0199 1.03582 1.06638 1.10774 
1.38942 1.21523 1.09154 1.03025 1.00967 1.00544 1.00528 1.00574 1.0063 1.00692 1.00759 1.0083 1.00904 1.00981 1.0106 1.01152 1.0137 1.01874 1.03214 1.05534 1.08613 
1.43497 1.24059 1.10249 1.03402 1.011 1.00621 1.00596 1.0064 1.00693 1.00751 1.00813 1.00877 1.00944 1.01012 1.0108 1.01229 1.01389 1.01932 1.02778 1.04238 1.05658 
1.47943 1.2654 1.11325 1.03777 1.01236 1.00703 1.00669 1.0071 1.00759 1.00812 1.00867 1.00925 1.00983 1.0104 1.01205 1.0132 1.01759 1.02063 1.02701 1.02949 1.01973 
1.52269 1.28959 1.12379 1.04149 1.01375 1.00789 1.00746 1.00782 1.00827 1.00874 1.00923 1.00971 1.01019 1.0122 1.01353 1.01942 1.02231 1.02852 1.02917 1.02459 0 
1.56464 1.31311 1.13408 1.04517 1.01518 1.00879 1.00826 1.00858 1.00897 1.00937 1.00977 1.01016 1.01264 1.01431 1.02259 1.02701 1.0366 1.03848 1.03597 0 0 
1.60519 1.3359 1.1441 1.04881 1.01662 1.00973 1.0091 1.00935 1.00967 1.00999 1.0103 1.01338 1.01551 1.02687 1.03358 1.04846 1.05369 1.05432 0 0 0 
1.64422 1.35838 1.15431 1.05287 1.01855 1.01113 1.01035 1.0105 1.0107 1.01088 1.01439 1.01711 1.03222 1.04191 1.06379 1.07407 1.0799 0 0 0 0 
1.68164 1.38213 1.1684 1.06092 1.02438 1.01622 1.01502 1.01475 1.01447 1.01735 1.02009 1.03864 1.05199 1.08256 1.09959 1.11282 0 0 0 0 0 
1.71736 1.41507 1.19578 1.08594 1.04651 1.0367 1.03395 1.03194 1.03192 1.03223 1.04921 1.06505 1.10467 1.13016 1.15304 0 0 0 0 0 0 
1.75128 1.46634 1.26116 1.1516 1.11126 1.09735 1.09011 1.08393 1.07749 1.08277 1.09152 1.13243 1.16614 1.20041 0 0 0 0 0 0 0 
1.78333 1.55561 1.38329 1.29183 1.24929 1.22903 1.21231 1.19445 1.1799 1.16743 1.18208 1.21185 1.25466 0 0 0 0 0 0 0 0 
1.81342 1.68146 1.57991 1.51424 1.47606 1.44484 1.41252 1.37689 1.33797 1.30615 1.28498 1.31532 0 0 0 0 0 0 0 0 0 
1.84147 1.83648 1.82154 1.79681 1.76253 1.71905 1.66681 1.60631 1.53818 1.46308 1.38177 0 0 0 0 0 0 0 0 0 0 
