1 1 1 1 1 1 1 1 1 1 1 1 1 1 1 1 1 1 1 1 1 
1.04998 1.04997 1.04993 1.04987 1.04978 1.04967 1.04953 1.04937 1.04918 1.04897 1.04873 1.04847 1.04818 1.04787 1.04753 1.04717 1.04678 1.04637 1.04593 1.04547 1.04498 
1.09983 1.09978 1.09963 1.09938 1.09903 1.09858 1.09803 1.09738 1.09664 1.09579 1.09484 1.09379 1.09264 1.0914 1.09005 1.0886 1.08706 1.08542 1.08368 1.08184 1.0799 
1.14944 1.14933 1.14899 1.14843 1.14764 1.14663 1.14539 1.14393 1.14225 1.14034 1.13821 1.13586 1.13328 1.13049 1.12747 1.12423 1.12078 1.1171 1.11321 1.1091 1.10477 
1.19867 1.19847 1.19787 1.19687 1.19547 1.19367 1.19148 1.18889 1.1859 1.18251 1.17874 1.17457 1.17001 1.16506 1.15972 1.15401 1.1479 1.14142 1.13457 1.12733 1.11973 
1.2474 1.24709 1.24615 1.24459 1.24241 1.2396 1.23618 1.23213 1.22747 1.2222 1.21632 1.20983 1.20274 1.19505 1.18678 1.17791 1.16846 1.15844 1.14785 1.1367 1.12499 
1.29552 1.29507 1.29372 1.29147 1.28833 1.28429 1.27936 1.27355 1.26686 1.25929 1.25086 1.24156 1.23142 1.22043 1.20861 1.19597 1.18252 1.16826 1.15323 1.13742 1.12086 
1.3429 1.34229 1.34045 1.33739 1.33311 1.32762 1.32093 1.31304 1.30395 1.29369 1.28227 1.2697 1.25599 1.24116 1.22523 1.20822 1.19015 1.17105 1.15093 1.12981 1.10774 
1.38942 1.38862 1.38622 1.38223 1.37665 1.36948 1.36076 1.35047 1.33865 1.32532 1.31048 1.29417 1.27641 1.25724 1.23667 1.21475 1.19151 1.16699 1.14122 1.11425 1.08613 
1.43497 1.43395 1.43092 1.42587 1.41881 1.40976 1.39874 1.38576 1.37086 1.35407 1.33541 1.31493 1.29267 1.26868 1.24299 1.21567 1.18677 1.15635 1.12446 1.09118 1.05658 
1.47943 1.47818 1.47443 1.4682 1.45949 1.44834 1.43476 1.4188 1.40049 1.37987 1.35701 1.33195 1.30476 1.27551 1.24427 1.21111 1.17613 1.13941 1.10104 1.06111 1.01973 
1.52269 1.52118 1.51664 1.50911 1.49858 1.48511 1.46873 1.44949 1.42744 1.40266 1.37521 1.34519 1.31268 1.27778 1.2406 1.20124 1.15984 1.11651 1.07138 1.02459 0 
1.56464 1.56284 1.55745 1.54849 1.53598 1.51998 1.50054 1.47773 1.45164 1.42235 1.38998 1.35463 1.31645 1.27556 1.23211 1.18625 1.13816 1.08801 1.03597 0 0 
1.60519 1.60307 1.59675 1.58623 1.57158 1.55284 1.5301 1.50345 1.47301 1.4389 1.40127 1.36028 1.3161 1.26892 1.21893 1.16635 1.11141 1.05432 0 0 0 
1.64422 1.64177 1.63443 1.62225 1.60527 1.58359 1.55731 1.52655 1.49147 1.45225 1.40906 1.36213 1.31168 1.25796 1.20124 1.14179 1.0799 0 0 0 0 
1.68164 1.67883 1.67041 1.65643 1.63698 1.61215 1.58209 1.54696 1.50697 1.46235 1.41333 1.3602 1.30325 1.24281 1.17921 1.11282 0 0 0 0 0 
1.71736 1.71416 1.70458 1.68869 1.66659 1.63842 1.60435 1.56461 1.51945 1.46916 1.41406 1.35451 1.29088 1.22358 1.15304 0 0 0 0 0 0 
1.75128 1.74767 1.73687 1.71894 1.69404 1.66232 1.62402 1.57943 1.52885 1.47266 1.41126 1.3451 1.27465 1.20041 0 0 0 0 0 0 0 
1.78333 1.77928 1.76717 1.7471 1.71922 1.68377 1.64104 1.59135 1.53513 1.47283 1.40494 1.33202 1.25466 0 0 0 0 0 0 0 0 
1.81342 1.80891 1.79542 1.77308 1.74208 1.70271 1.65532 1.60033 1.53825 1.46963 1.3951 1.31532 0 0 0 0 0 0 0 0 0 
1.84147 1.83648 1.82154 1.79681 1.76253 1.71905 1.66681 1.60631 1.53818 1.46308 1.38177 0 0 0 0 0 0 0 0 0 0 
